1    0.132125    0.152415    0.0886274    -0.0128239    0.152534    0.162268    0.230017    -0.0572633    0.178482    0.123137    0.150886    0.141233    0.171539    0.00750479    0.121024    0.0621542    0.0570557    0.0775597    0.0971174    

0.132125    1    0.219487    0.34269    0.104332    0.244096    0.297963    -0.0110459    0.0796511    0.150255    0.324553    0.176083    0.21129    0.342008    0.170992    0.285127    0.238403    0.332271    0.422853    0.127023    

0.152415    0.219487    1    0.296694    0.218291    0.106719    0.366588    0.0295049    -0.0265337    0.21224    0.236547    0.212186    0.239843    0.156448    0.10504    0.244056    0.078763    0.201101    0.251603    0.0647605    

0.0886274    0.34269    0.296694    1    0.174145    0.39345    0.547108    0.119087    0.152911    0.0599592    0.261032    0.312242    0.311013    0.32804    0.286418    0.330673    0.402697    0.469649    0.566496    0.207621    

-0.0128239    0.104332    0.218291    0.174145    1    0.0855664    0.111399    0.0209919    0.0151425    0.0905575    0.14086    0.0765559    0.14396    0.160726    0.0710438    0.209252    0.109768    0.249255    0.281445    0.0765559    

0.152534    0.244096    0.106719    0.39345    0.0855664    1    0.429139    0.191643    0.165793    0.100872    0.243627    0.258915    0.261946    0.454857    0.176086    0.352571    0.344877    0.314834    0.440323    0.136346    

0.162268    0.297963    0.366588    0.547108    0.111399    0.429139    1    0.0858167    0.308624    0.279167    0.443553    0.317679    0.417109    0.329321    0.224984    0.552538    0.314966    0.418833    0.505468    0.195166    

0.230017    -0.0110459    0.0295049    0.119087    0.0209919    0.191643    0.0858167    1    -0.0471962    0.00149001    -0.0554366    0.109588    -0.00384517    0.0305369    -0.0204119    0.00727843    0.15713    0.0865875    -0.0327521    -0.0529044    

-0.0572633    0.0796511    -0.0265337    0.152911    0.0151425    0.165793    0.308624    -0.0471962    1    -0.0033268    0.129893    0.0213745    0.17471    0.10633    0.0144681    0.0710975    0.0930707    0.159349    0.145856    0.0213745    

0.178482    0.150255    0.21224    0.0599592    0.0905575    0.100872    0.279167    0.00149001    -0.0033268    1    0.350692    0.11081    0.16173    0.0563651    0.0427532    0.281791    0.141802    0.102221    0.21609    0.0512495    

0.123137    0.324553    0.236547    0.261032    0.14086    0.243627    0.443553    -0.0554366    0.129893    0.350692    1    0.283735    0.251567    0.25891    0.0865415    0.489663    0.198656    0.297367    0.430205    0.0927024    

0.150886    0.176083    0.212186    0.312242    0.0765559    0.258915    0.317679    0.109588    0.0213745    0.11081    0.283735    1    0.213576    0.323751    0.0879477    0.250345    0.177633    0.251234    0.334084    0.0936768    

0.141233    0.21129    0.239843    0.311013    0.14396    0.261946    0.417109    -0.00384517    0.17471    0.16173    0.251567    0.213576    1    0.331407    0.146648    0.35521    0.196039    0.23933    0.40749    0.136724    

0.171539    0.342008    0.156448    0.32804    0.160726    0.454857    0.329321    0.0305369    0.10633    0.0563651    0.25891    0.323751    0.331407    1    0.21088    0.28583    0.251677    0.31336    0.42919    0.192966    

0.00750479    0.170992    0.10504    0.286418    0.0710438    0.176086    0.224984    -0.0204119    0.0144681    0.0427532    0.0865415    0.0879477    0.146648    0.21088    1    0.171424    0.259804    0.249165    0.306436    0.165655    

0.121024    0.285127    0.244056    0.330673    0.209252    0.352571    0.552538    0.00727843    0.0710975    0.281791    0.489663    0.250345    0.35521    0.28583    0.171424    1    0.306805    0.326176    0.463754    0.177609    

0.0621542    0.238403    0.078763    0.402697    0.109768    0.344877    0.314966    0.15713    0.0930707    0.141802    0.198656    0.177633    0.196039    0.251677    0.259804    0.306805    1    0.502016    0.410061    0.264267    

0.0570557    0.332271    0.201101    0.469649    0.249255    0.314834    0.418833    0.0865875    0.159349    0.102221    0.297367    0.251234    0.23933    0.31336    0.249165    0.326176    0.502016    1    0.530547    0.296184    

0.0775597    0.422853    0.251603    0.566496    0.281445    0.440323    0.505468    -0.0327521    0.145856    0.21609    0.430205    0.334084    0.40749    0.42919    0.306436    0.463754    0.410061    0.530547    1    0.280647    

0.0971174    0.127023    0.0647605    0.207621    0.0765559    0.136346    0.195166    -0.0529044    0.0213745    0.0512495    0.0927024    0.0936768    0.136724    0.192966    0.165655    0.177609    0.264267    0.296184    0.280647    1    

