1    0.194461    0.223607    0.140372    0.0433555    0.220353    0.206197    0.272772    0    0.236433    0.178377    0.202031    0.221431    0.230556    0.0771517    0.190476    0.140859    0.119523    0.141598    0.151523    

0.194461    1    0.289886    0.382158    0.157378    0.30904    0.336817    0.0495074    0.132842    0.21456    0.369998    0.229175    0.290254    0.392299    0.23338    0.345709    0.306786    0.379628    0.465807    0.18334    

0.223607    0.289886    1    0.345271    0.271448    0.19709    0.405741    0.09759    0.0436436    0.281963    0.296297    0.271052    0.330089    0.231993    0.184017    0.319438    0.176383    0.267261    0.316624    0.135526    

0.140372    0.382158    0.345271    1    0.213007    0.433041    0.567309    0.160817    0.191785    0.11616    0.30047    0.347404    0.362632    0.368138    0.328509    0.374327    0.442909    0.499137    0.591327    0.248146    

0.0433555    0.157378    0.271448    0.213007    1    0.145908    0.150188    0.0662266    0.0592349    0.143509    0.185606    0.122628    0.209072    0.209913    0.124878    0.260133    0.170996    0.29019    0.322301    0.122628    

0.220353    0.30904    0.19709    0.433041    0.145908    1    0.462621    0.244796    0.218952    0.17682    0.300153    0.311626    0.345    0.501109    0.245221    0.413996    0.410839    0.368721    0.486462    0.198307    

0.206197    0.336817    0.405741    0.567309    0.150188    0.462621    1    0.125988    0.338062    0.318511    0.470792    0.349927    0.454553    0.366057    0.267261    0.57735    0.35783    0.448543    0.531387    0.233285    

0.272772    0.0495074    0.09759    0.160817    0.0662266    0.244796    0.125988    1    0    0.0601929    0    0.154303    0.0751646    0.0880451    0.0392837    0.0727393    0.215166    0.136931    0.0270369    0    

0    0.132842    0.0436436    0.191785    0.0592349    0.218952    0.338062    0    1    0.0538382    0.174078    0.0690066    0.235302    0.1575    0.0702728    0.13012    0.15396    0.204124    0.19346    0.0690066    

0.236433    0.21456    0.281963    0.11616    0.143509    0.17682    0.318511    0.0601929    0.0538382    1    0.393625    0.167183    0.244316    0.127193    0.113501    0.341514    0.217584    0.164845    0.273408    0.111456    

0.178377    0.369998    0.296297    0.30047    0.185606    0.300153    0.470792    0    0.174078    0.393625    1    0.324337    0.315984    0.308444    0.146795    0.526635    0.26131    0.341121    0.46727    0.14415    

0.202031    0.229175    0.271052    0.347404    0.122628    0.311626    0.349927    0.154303    0.0690066    0.167183    0.324337    1    0.278356    0.366813    0.145479    0.303046    0.239046    0.295804    0.37547    0.142857    

0.221431    0.290254    0.330089    0.362632    0.209072    0.345    0.454553    0.0751646    0.235302    0.244316    0.315984    0.278356    1    0.397072    0.230314    0.426459    0.291111    0.30877    0.463346    0.208767    

0.230556    0.392299    0.231993    0.368138    0.209913    0.501109    0.366057    0.0880451    0.1575    0.127193    0.308444    0.366813    0.397072    1    0.269782    0.345834    0.318264    0.361682    0.471332    0.244542    

0.0771517    0.23338    0.184017    0.328509    0.124878    0.245221    0.267261    0.0392837    0.0702728    0.113501    0.146795    0.145479    0.230314    0.269782    1    0.240027    0.324576    0.301232    0.356869    0.218218    

0.190476    0.345709    0.319438    0.374327    0.260133    0.413996    0.57735    0.0727393    0.13012    0.341514    0.526635    0.303046    0.426459    0.345834    0.240027    1    0.375624    0.378489    0.507394    0.235702    

0.140859    0.306786    0.176383    0.442909    0.170996    0.410839    0.35783    0.215166    0.15396    0.217584    0.26131    0.239046    0.291111    0.318264    0.324576    0.375624    1    0.542115    0.460739    0.318728    

0.119523    0.379628    0.267261    0.499137    0.29019    0.368721    0.448543    0.136931    0.204124    0.164845    0.341121    0.295804    0.30877    0.361682    0.301232    0.378489    0.542115    1    0.562731    0.338062    

0.141598    0.465807    0.316624    0.591327    0.322301    0.486462    0.531387    0.0270369    0.19346    0.273408    0.46727    0.37547    0.463346    0.471332    0.356869    0.507394    0.460739    0.562731    1    0.325407    

0.151523    0.18334    0.135526    0.248146    0.122628    0.198307    0.233285    0    0.0690066    0.111456    0.14415    0.142857    0.208767    0.244542    0.218218    0.235702    0.318728    0.338062    0.325407    1    

